4243767290,0
4294967294,417
4294967278,210
4294967278,209
4294967278,208
4294967294,175
4294967294,173
4294967294,15
4294967294,185
4294967294,82
4294967294,162
4294967294,169
4294967294,170
4294967294,1419
4294967278,206
4294967294,184
4294967294,180
4294967294,182
4294967294,12
4294967294,104
4294967294,160
4294967294,1163
4294967294,1420
4294967294,11
4294967278,132
4294967278,131
4294967278,130
4294967278,129
4294967278,128
4294967278,127
4294967278,126
4294967278,125
4294967278,124
4294967278,123
4294967278,122
4294967278,121
4294967278,120
4294967278,119
4294967278,118
4294967278,117
4294967278,116
4294967278,115
4294967278,114
4294967278,113
4294967278,112
4294967278,111
4294967278,110
4294967278,109
4294967278,108
4294967278,107
4294967278,106
4294967278,105
4294967278,104
4294967278,103
4294967278,102
4294967278,101
4294967278,100
4294967278,99
4294967278,98
4294967278,97
4294967278,96
4294967278,95
4294967278,94
4294967278,91
4294967278,90
4294967278,89
4294967278,87
4294967278,86
4294967278,85
4294967278,84
4294967278,83
4294967278,82
4294967278,77
4294967278,74
4294967278,72
4294967278,70
4294967278,69
4294967278,68
4294967278,67
4294967278,66
4294967278,62
4294967278,60
4294967278,58
4294967278,57
4294967278,56
4294967278,54
4294967279,57
4294967279,56
4294967279,46
4294967279,41
4294967279,38
4294967279,36
4294967279,30
4294967279,28
4294967279,26
4294967279,24
4294967279,23
4294967279,19
4294967279,403
4294967279,289
4294967279,17
4294967279,16
4294967279,14
4294967279,268
4294967279,12
4294967279,10
4294967279,9
4294967279,8
4294967279,7
4294967279,261
4294967279,6
4294967279,275
4294967279,5
4294967279,281
4294967279,4
4294967294,68
4294967294,384
4294967294,188
4294967294,183
4294967294,451
4243767290,3
4243767290,2
4294967294,127
4294967294,14
4294967294,166
4294967294,24
4294967294,106
4294967294,119
4294967294,168
4294967278,93
4294967278,316
4294967278,92
4294967278,315
4294967278,203
4294967278,202
4294967278,201
4294967278,200
4294967278,199
4294967278,198
4294967278,197
4294967278,196
4294967278,195
4294967278,354
4294967278,81
4294967278,80
4294967278,277
4294967279,421
4294967279,0
4294967278,78
4294967278,353
4294967278,0
4294967278,79
4294967278,307
4294967278,191
4294967294,22
4294967278,352
4294967278,76
4294967279,420
4294967278,188
4294967278,351
4294967278,75
4294967279,419
4294967278,187
4294967278,186
4294967278,350
4294967278,73
4294967279,418
4294967278,185
4294967278,349
4294967278,71
4294967279,417
4294967278,182
25,5
4294967278,181
25,4
25,3
25,2
25,1
4294967278,180
4294967278,65
4294967278,305
4294967294,81
4294967294,50
4294967279,307
4294967278,64
4294967278,304
4294967278,348
4294967278,63
4294967279,177
4294967278,175
4294967279,176
4294967278,61
4294967278,173
4294967278,302
4294967278,172
4294967279,416
4294967278,347
4294967278,346
4294967278,59
4294967278,170
4294967294,6
4294967278,167
4294967278,169
24,5
24,4
4294967278,168
24,3
24,2
24,1
4294967278,345
4294967278,55
4294967279,169
4294967279,415
4294967294,5
4294967294,388
4294967278,344
4294967278,53
4294967279,414
4294967294,89
4294967294,1160
4294967294,1067
4294967294,176
4294967278,52
4294967279,413
4294967294,37
4294967294,39
4294967294,129
4294967279,163
4294967279,162
4294967278,343
4294967279,412
4294967279,160
4294967294,1068
23,4
23,3
23,2
23,1
4294967278,342
4294967294,474
4294967294,0
4294967279,411
4294967279,410
4294967279,43
4294967278,341
4294967278,340
22,6
4294967279,39
4294967278,339
4294967279,409
4294967279,40
4294967279,296
22,5
22,4
22,3
22,2
22,1
4294967294,1
4294967279,147
4294967294,17
4294967294,76
4294967279,145
21,4
21,3
21,2
21,1
4294967278,338
4294967279,144
0,5
4294967294,392
4294967294,46
4294967294,114
4294967294,2
4294967279,140
4294967279,139
4294967279,279
4294967294,67
4294967294,7
4294967294,94
4294967294,93
4294967294,96
4294967294,95
0,7
4294967294,45
4294967294,44
4294967294,426
4294967294,52
4294967294,158
4294967294,28
4294967294,1083
4294967294,27
4294967294,156
4294967294,26
4294967294,473
4294967294,25
4294967294,91
4294967294,87
4294967294,85
4294967294,42
4294967294,83
4294967294,8
4294967279,408
4294967278,337
4294967279,407
4294967278,336
4294967278,335
4294967279,406
4294967278,334
4294967294,470
4294967293,131
4294967293,130
4294967293,129
4294967293,128
4294967293,127
4294967293,126
4294967293,125
4294967293,124
4294967293,123
4294967293,122
4294967293,121
4294967293,120
4294967293,119
4294967293,118
4294967293,117
4294967293,116
4294967293,115
4294967293,114
4294967293,113
4294967293,112
4294967293,111
4294967293,110
4294967293,109
